-0.1533700
-0.0821700
1.5163800
1.5891600
1.8408300
0.5376100
0.1535200
-1.3886700
-0.3652200
1.1218300
-0.9387500
4.0419500
3.0433500
3.9129700
1.7594300
1.2637500
1.6589100
1.9926200
0.1694200
1.0061600
0.1102800
0.6699700
3.3032900
1.8710200
0.7567600
-0.6080100
-1.5828900
-0.4771300
0.1254400
1.1275000
2.0025200
2.8805700
1.6542900
1.3361600
0.5583000
-0.4562900
0.7864800
-0.1256900
1.6341100
0.6145600
-0.2412500
0.9633400
-1.0520600
-2.7071500
0.6138000
2.3431700
2.3316700
2.0226500
2.5255800
-0.1192200
0.3500600
2.2438200
-0.4673600
0.1634200
-1.2823400
0.5940200
1.8707400
1.6160800
2.0357300
1.7936200
1.1041000
0.9246600
0.2430000
1.3069900
1.2530700
1.8829100
0.7602600
2.2444000
1.1485400
1.3588300
0.2772300
2.4561500
1.3568100
2.0293400
2.4126000
2.4545800
0.3328900
0.6576900
0.8101900
0.8809300
0.0208200
0.7977900
0.7629800
2.0608800
1.6978800
0.6841500
0.4332900
1.5749700
0.2912300
0.6324000
-0.4696500
-0.1568800
0.1812700
0.8904200
-1.0604200
2.7575500
0.5672800
0.7982600
0.2778800
1.7881300
2.3715700
0.9583600
1.6471000
2.5579700
1.1567500
-0.5335800
0.9538400
-0.8768900
0.2560500
-0.9887500
-0.3935600
-1.2163300
0.7642300
1.6843300
1.3063000
2.2732600
0.7520400
0.4898700
0.7261600
1.1608000
1.9873100
1.7884200
-0.0206900
0.3414500
3.9339600
0.9803900
1.3226100
0.1672400
0.0938700
0.7188100
0.2751400
0.3221300
-2.0495000
-0.1858500
1.8495800
2.0779800
-0.7979400
1.2150300
-1.2457700
-1.6411100
0.5419000
-0.3855300
0.0789400
1.2437200
2.2476200
1.9719700
2.0670700
1.9395900
1.7265100
0.9718400
0.8141100
0.9436600
0.8466900
1.5620700
0.7589600
0.9608900
0.4017200
0.9641400
0.4833400
0.5544200
1.0634100
0.8672900
1.7110500
0.5172700
1.2843300
0.5162900
1.3352700
0.9388700
0.7482500
0.7930900
0.2182800
1.0446700
0.3974400
-0.0015100
-0.8761400
-0.4844200
0.6749300
0.4212500
0.3920100
1.0976500
1.0625400
1.0318300
1.0523600
0.1837800
0.6397900
0.5264000
1.3205900
0.9735300
1.3678400
0.6441100
1.1106000
0.2453200
0.2149600
0.8404500
0.6972200
0.6850100
1.7287900
0.8698500
1.0915800
0.7691100
1.4826500
1.2551100
0.7671900
0.9446700
0.8992200
1.3194700
1.7309700
0.8908200
0.7817100
1.2716600
1.7961300
0.2613900
1.9506400
0.0836100
0.5917400
-0.3297300
0.6557400
-0.2741700
0.3532000
0.8588700
0.5306000
0.4997100
0.0206400
0.4051700
0.7976000
1.6761200
0.8994700
0.7042000
0.7107300
0.7345400
0.8676300
0.9978100
0.4262100
0.7596200
0.5168000
1.3118100
0.3602100
0.0266500
0.7308600
0.3003100
0.7944800
0.8871000
0.5265300
-0.1820900
0.3621000
-0.6758400
-1.3710000
-1.6474800
-0.1849500
